$ANSIBLE_VAULT;1.1;AES256
61303235386339383566663864316139646630636632336230393039383831646531346434633162
3539353339333836613964303838646463613132623064320a316337616665386333643065636262
35356362316161373565383338653464343666316232353433323536333661343166303566383161
3939326236656330330a366134383366366630646133323764643636373265663135303462663730
63303235333731613731343537356633643734643765313663613333376331306631666664303532
65616330363662616236383334333264613230643037323765393539663939376665326566323661
66613835323666363130326432316335323665363533333539323462366239656438343133313166
32326334666665303862313565663531363732333165636236366661326462303139323563336438
31613634396463616164623337323061326138323563616464613064643335303865373662343530
36313565323664303035353635333064326339316633303963613461653539613932633239393632
36643734363536346364346337343764633539626633666565656439366537633637333039383662
39366163323331383233643961356537303930613039336439333037633636323763613963613730
64633764303634633165653334613230363433656230386362326164356663663837643336656230
39386362646336646535316662636231363166363165336639623537356635666363666164393661
30393233663864373635626262636539306439646663303131343735326139393966663435313539
36386435333164306462623933613164373634366138663565386665636234636430316563366564
30353631343130383661613030313739666463393562333535336161313130623861303937616333
38313861306437366266343231316437346133333733306136613035393338646462316530313537
63653837626664313265386335363866376564383839313435333566626636393434333630333638
66353666383362393064363565626234396561613831386130336537313330666134636265376664
31616164306534363063363562373838303366373861353539636132313435613334383262613530
39666234306434383637306337643139636364313866383338313830306330393735343439306464
38393162623333356261356633623131626534613366646163313364616136633838323437393634
32346663653136323962303161386461626139366436343831393761643735303036303061663663
39373635373638633037613336383061386534633163396536363332393062373139626631663535
30393363396431363664636363643230376565646332383266613666643962623562383234386334
64343738383531636234643465623161393431366263643738623932373734613461363238343930
34643230626330316337643838623564306463616133643134356537333231343033396431653733
34333931343939386638343062356531633634323663633831656134343832663065383666323039
62663031323133303265323336666635353933316233303434616231656466396137633864333761
36336430323063333232623265363036616561346638393430313262633238616134663430663064
62656432393965373937613263623335333934323034396263333837323134656232636465663138
36366432626536626138373035353761623234373034303533663336393765323839326537643737
66633632393364616636323865633530636134663634323832666539346364633763633930653434
61356334326664303137666338353131313233303638396132303461373964356630386334653138
33646538393534303634343330346165373931326363613032646630323934633533626566313133
38623165666564636331653361626164333236376430643139303965373832393537373331616630
63376439653362653464316338613262373065363663393665653839393932363035613635653035
30356232623737313435623637363833616438316537303336376337336564396538373963613838
38636436633334646461333337306130356438663065346234643536323430323236383037326637
39303832373733656237656133626261663963343765333864336338343266313135333234303737
63393733343530653939356539323430343536636564653262663963373933613734373132326534
65363331623131623163666635323232326535306132376163653436373033373862353366333638
38616336353838363837363561623232376564303239393136306563353061613763663134613666
64393238396533653236656665356331643762353533383865666439336636626638613661623566
34356563656561666639613139363966633064646265336138346465303862633864356336303737
65373231343338353833623162623533336162623638396262313730373630366531316535383262
63636262663631653762343438333932353638303731386137383437396261643533613261303237
39303061326464626332353164333531626232373732333337323033653765646133383063326430
33353830336634626663323764353363383630336234656232303966356336326332616161636339
39633237356135326264633138313633613165316662363139303936353836373666653666633164
37393962326536373730353735306431633633336365373066333162343032333735656161623566
38353538613235653464643031376661383662306365343962356232386466303034633134653832
38336632333836613932316136636533336262383632616138386231306562633037356334336131
30636465376533643737623165663936346238613831336662303138666464656635393030656362
61383933303936613066353463636639343630633931623231323864326230396130333261363639
32393736653938306438336266613432616265623963616631643034373961323062633936336161
61363039373037353435646230663734353534616631356237333938373531613163666239623138
35663161386334326465316532343035643238653564646666663830336334323337333337346661
38393764636461343766373834663263376530373632663533376638373236316636636665303162
63623866316232613536663531316236653862353235643535646238346462656334666164306434
32356561336533643363316265373338636538303164633939336463663765636432643566306134
39616534363265623236653238333532353966363231363331353962303433666531306163613563
65303163626635626466343063353938643538396635356233303534396139666636316636396135
39356434383063376134393736303038316562383163383234376536653435363531303434393761
31303430393935393938353832386562363933643034353230343166356162373135633339396362
63363736356535613463636365323461613035656437653431616436616638333931386561633161
39383639323732643139323832666237353032346263653834646363363164383633623038633566
31373136653634353766326335333737396439653337633163336463383533333634326466653935
36323964336366356135616137303766623162376163623437616636303665376462646239623536
37653163663030343538356537376234323965393762373563626537353032613961626333383735
30353365393833653363626364623639333166313139613737363835373862376664383134616638
62653561663162313138366633313062636235383930383366656237633461353234616664633636
39356433643761613464376565613266636339343261353738346438336534623231303230373433
64356531313935623338636164653532313763653762656631316362313032653431363662633661
35316531336630336135663439343665393837356538393130353066656463343061663434313464
62656630306561616135336165313764363066623130623562636432623735333964393435313832
64333161393965376164313663326231626235353431333465653864313964393036666563616531
36633361363531353462366334653438353165303830356666333031616261633865623263626664
34333539653065396631373939363161356261303964613265366333633937663833343935616135
31303833383265393965333639313635343861393865323131643363653162323436623164633662
36623436326339396334393339633738316430623139653566333532626365623335356561623361
61393365336263386334623864613537626462643834353466626639323862326339613166306565
38613230616137636538623637303138313537376464663165326633376531616631646464373434
62636638396535323732353666636464626164306232616430386638646564666337626466363263
38643931353036626431393336366637393732366431396538346166353531373862343430326134
65333164303932633036613038663237303630646363643132393262646661643532363066376632
34343238353739373430
